
134048537
431563865
109990008
147524122
232531788
182345721
566955020
628883142
178622930
183551622
261119193
158939909
969230299
176992782
652704659
259183165
139513510
164773769
181160517
126019027
149736019
127124383
482686768
514359543
144300792
928954398
181973090
128898796
515077429
658469879
681482682
203246242
608956604
102370039
361158496
854904095
973491427
136308035
558178843
118109418
833896336
980235582
644487526
453069740
782486051
515460306
155910957
164289516
827757772
279839364
